Windspeed (m/s),   Region (-), Rot. Power (kW),  Thrust (kN) ,Gen. Torque (kNm), Rotational Speed (rad/s),  Pitch (rad), OOP Tip Disp. (m),       CP (-),       CT (-), Flap mom. (kNm), Edge mom. (kNm)
    3.000000,            1,    95.373548,   233.344857,   175.865885,     0.523599,     0.042242,     2.202302,     0.126038,     0.925111, -6635.000605,    68.775695
    3.250000,            1,   216.180215,   275.177994,   398.629659,     0.523599,     0.039541,     2.495883,     0.240307,     0.930192, -7733.368022,   145.587014
    3.500000,            1,   355.426436,   320.580601,   655.395400,     0.523599,     0.036242,     2.814958,     0.313010,     0.933870, -8925.433585,   234.114532
    3.750000,            1,   514.445878,   368.881424,   948.622353,     0.523599,     0.032567,     3.153816,     0.357364,     0.935070, -10191.985194,   335.207741
    4.000000,            1,   694.588194,   419.606430,  1280.799233,     0.523599,     0.028641,     3.508454,     0.386493,     0.933934, -11519.443394,   449.726478
    4.250000,            1,   897.172373,   473.382129,  1654.358218,     0.523599,     0.024256,     3.884474,     0.411471,     0.932727, -12925.725649,   578.505438
    4.500000,            1,  1123.351780,   530.398098,  2071.426075,     0.523599,     0.019352,     4.283763,     0.434047,     0.931764, -14416.518552,   722.274958
    4.750000,            1,  1374.266174,   590.899308,  2534.104483,     0.523599,     0.013856,     4.708630,     0.453588,     0.931284, -15999.009098,   881.756019
    5.000000,            1,  1651.083903,   655.042070,  3044.547840,     0.523599,     0.007720,     5.160594,     0.469504,     0.931343, -17677.937116,  1057.688297
    5.250000,            1,  1954.803678,   722.194731,  3604.597734,     0.523599,     0.001096,     5.634434,     0.481386,     0.930963, -19435.798399,  1250.708538
    5.500000,            1,  2286.152126,   791.657055,  4215.594042,     0.523599,    -0.005863,     6.124226,     0.489689,     0.929504, -21252.807226,  1461.282482
    5.750000,            1,  2645.709692,   861.755352,  4878.607079,     0.523599,    -0.012772,     6.615583,     0.495104,     0.925457, -23081.827318,  1689.791795
    6.000000,            1,  3033.454893,   931.509760,  5593.597202,     0.523599,    -0.019460,     7.100394,     0.498504,     0.918479, -24895.739262,  1936.229807
    6.250000,            1,  3449.420496,  1004.345663,  6360.624865,     0.523599,    -0.026876,     7.608402,     0.500941,     0.912418, -26792.238707,  2200.587777
    6.500000,            1,  3893.909414,  1078.880031,  7180.248370,     0.523599,    -0.034736,     8.128412,     0.502645,     0.906017, -28733.977585,  2483.068340
    6.750000,            1,  4365.822002,  1154.706464,  8050.437604,     0.523599,    -0.043082,     8.658675,     0.503429,     0.899137, -30713.482535,  2782.971149
    7.000000,            1,  4865.262111,  1236.993856,  8663.451537,     0.542210,    -0.044098,     9.237472,     0.503246,     0.895653, -32855.211628,  2994.189740
    7.250000,            2,  5400.080125,  1327.706410,  9197.146416,     0.566891,    -0.043881,     9.869151,     0.502929,     0.896228, -35211.698247,  3176.842607
    7.500000,            2,  5974.548403,  1425.302298,  9791.758815,     0.589110,    -0.045683,    10.543191,     0.502730,     0.899166, -37751.055056,  3380.511371
    7.750000,            2,  6591.081996,  1512.729772, 10497.602239,     0.606204,    -0.046861,    11.123610,     0.502679,     0.893933, -39999.991336,  3623.717681
    8.000000,            2,  7211.476128,  1519.725795, 11405.666989,     0.610458,    -0.037196,    11.046861,     0.499898,     0.842776, -39999.998579,  3937.791282
    8.250000,            2,  7810.719782,  1526.668092, 12277.156784,     0.614251,    -0.028197,    10.972371,     0.493652,     0.796057, -39999.999273,  4239.123605
    8.500000,            2,  8391.499685,  1533.533230, 13115.446828,     0.617744,    -0.019740,    10.900074,     0.484920,     0.753256, -39999.999482,  4528.960821
    8.750000,            2,  8956.827326,  1540.401866, 13905.645525,     0.621893,    -0.011478,    10.828279,     0.474465,     0.713981, -39999.999577,  4802.245573
    9.000000,            2,  9509.456687,  1547.360732, 14654.678036,     0.626515,    -0.003458,    10.756563,     0.462892,     0.677888, -39999.999630,  5061.337975
    9.250000,            2, 10051.801816,  1554.310337, 15394.896291,     0.630405,     0.004040,    10.686596,     0.450663,     0.644598, -39999.999663,  5317.305637
    9.500000,            2, 10584.170209,  1561.281538, 16093.153234,     0.634992,     0.011388,    10.616444,     0.438032,     0.613838, -39999.999684,  5558.844526
    9.750000,            2, 11108.606826,  1568.723220, 16710.856662,     0.641820,     0.018895,    10.540456,     0.425255,     0.585518, -39999.999694,  5772.414839
   10.000000,            2, 11627.784041,  1576.190960, 17333.879957,     0.647670,     0.025871,    10.466628,     0.412558,     0.559238, -39999.999705,  5987.814015
   10.250000,            2, 12141.040523,  1583.682631, 17929.919105,     0.653777,     0.032592,    10.391929,     0.399999,     0.534804, -39999.999703,  6193.811363
   10.500000,            2, 12649.529307,  1591.635841, 18461.121984,     0.661559,     0.039245,    10.312251,     0.387672,     0.512181, -39999.999709,  6377.293094
   10.750000,            2, 13156.072280,  1600.099693, 18956.761086,     0.670061,     0.045656,    10.228992,     0.375701,     0.491216, -39999.999664,  6548.430207
   11.000000,            2, 13659.786543,  1608.593808, 19442.633334,     0.678330,     0.051721,    10.144946,     0.364078,     0.471618, -39999.999696,  6716.189524
   11.250000,            2, 14161.267198,  1617.654419, 19867.235925,     0.688204,     0.057588,    10.054646,     0.352825,     0.453414, -39999.999678,  6862.872901
   11.500000,            2, 14663.299545,  1627.113154, 20277.616925,     0.698179,     0.063133,     9.961490,     0.342010,     0.436438, -39999.999649,  7004.783609
   11.750000,            2, 15164.079521,  1636.659221, 20674.036724,     0.708179,     0.068359,     9.866364,     0.331583,     0.420506, -39999.999601,  7141.977862
   12.000000,            2, 15664.818994,  1646.748504, 21028.084468,     0.719247,     0.073295,     9.765248,     0.321556,     0.405639, -39999.999513,  7264.638982
   12.250000,            2, 16167.814538,  1657.331984, 21370.065085,     0.730462,     0.077923,     9.660371,     0.311964,     0.391741, -39999.999350,  7383.175015
   12.500000,            2, 16672.009562,  1668.246032, 21699.022729,     0.741823,     0.082250,     9.552013,     0.302769,     0.378699, -39999.999079,  7497.210924
   12.750000,            2, 17177.459769,  1679.487816, 22010.972040,     0.753480,     0.086279,     9.439630,     0.293953,     0.366443, -39999.999651,  7605.349820
   13.000000,            2, 17684.953599,  1691.259092, 22298.874098,     0.765726,     0.090002,     9.321515,     0.285508,     0.354951, -39999.999640,  7705.183767
   13.250000,            2, 18195.184389,  1703.794269, 22553.621323,     0.778919,     0.093387,     9.195354,     0.277426,     0.344211, -39999.999599,  7793.596329
   13.500000,            2, 18709.496766,  1716.100054, 22847.680421,     0.790628,     0.096620,     9.072217,     0.269709,     0.333972, -39999.999144,  7895.582003
   13.750000,            2, 19229.046099,  1723.448165, 23481.981368,     0.790634,     0.100694,     9.004630,     0.262351,     0.323315, -39999.999595,  8114.779148
   14.000000,            2, 19748.284259,  1730.670640, 24116.053233,     0.790634,     0.104740,     8.937815,     0.255256,     0.313177, -39999.999590,  8333.896658
   14.250000,            2, 20267.024667,  1737.742422, 24749.521774,     0.790634,     0.108756,     8.871808,     0.248414,     0.303520, -39999.999577,  8552.803360
   14.500000,            2, 20785.519880,  1744.690614, 25382.692162,     0.790634,     0.112746,     8.806518,     0.241819,     0.294318, -39999.999562,  8771.603949
   14.750000,            2, 21304.193346,  1751.556854, 26016.080760,     0.790634,     0.116712,     8.741827,     0.235465,     0.285547, -39999.999547,  8990.477646
   15.000000,            2, 21823.371788,  1758.367039, 26650.090016,     0.790634,     0.120655,     8.677682,     0.229346,     0.277185, -39999.998917,  9209.564963
   15.250000,            2, 22343.165336,  1765.124080, 27284.845829,     0.790634,     0.124576,     8.614083,     0.223452,     0.269206, -39999.999051,  9428.910550
   15.500000,            2, 22863.353078,  1771.809717, 27920.083458,     0.790634,     0.128476,     8.551030,     0.217771,     0.261582, -39999.999135,  9648.422590
   15.750000,            2, 23383.587832,  1778.399500, 28555.378701,     0.790634,     0.132355,     8.488545,     0.212289,     0.254288, -39999.999192,  9867.952918
   16.000000,            2, 23903.670428,  1784.881859, 29190.488295,     0.790634,     0.136214,     8.426667,     0.206998,     0.247304, -39999.999229, 10087.416119
   16.250000,            2, 24423.574291,  1791.257213, 29825.379772,     0.790634,     0.140052,     8.365455,     0.201891,     0.240613, -39999.999251, 10306.800995
   16.500000,            2, 24943.374047,  1797.533762, 30460.144239,     0.790634,     0.143869,     8.304932,     0.196960,     0.234198, -39999.999262, 10526.140962
   16.750000,            2, 25463.313930,  1803.729322, 31095.079917,     0.790634,     0.147667,     8.245017,     0.192199,     0.228046, -39999.999266, 10745.540438
   17.000000,            2, 25983.584336,  1809.857854, 31730.419259,     0.790634,     0.151448,     8.185583,     0.187604,     0.222145, -39999.999266, 10965.079369
   17.250000,            2, 26504.394096,  1815.937484, 32366.417259,     0.790634,     0.155213,     8.126496,     0.183168,     0.216482, -39999.999263, 11184.845087
   17.500000,            2, 27026.113392,  1822.000836, 33003.525987,     0.790634,     0.158964,     8.067678,     0.178887,     0.211048, -39999.999255, 11404.995553
   17.750000,            2, 27548.721183,  1828.049617, 33641.719740,     0.790634,     0.162699,     8.009223,     0.174752,     0.205829, -39999.999243, 11625.523447
   18.000000,            2, 28071.553393,  1834.037451, 34280.187551,     0.790634,     0.166417,     7.951336,     0.170755,     0.200811, -39999.999231, 11846.146547
   18.250000,            2, 28593.623342,  1839.896452, 34917.724488,     0.790634,     0.170117,     7.894197,     0.166884,     0.195975, -39999.999222, 12066.443164
   18.500000,            2, 29114.813744,  1845.619582, 35554.187332,     0.790634,     0.173800,     7.837778,     0.163135,     0.191313, -39999.999215, 12286.361444
   18.750000,            2, 29636.635198,  1851.304769, 36191.420836,     0.790634,     0.177468,     7.781767,     0.159508,     0.186823, -39999.999204, 12506.543829
   19.000000,            2, 30160.526872,  1857.046968, 36831.182492,     0.790634,     0.181124,     7.725872,     0.156006,     0.182507, -39999.999188, 12727.604998
   19.250000,            2, 30686.261601,  1862.833817, 37473.194870,     0.790634,     0.184770,     7.670098,     0.152624,     0.178355, -39999.999167, 12949.451024
   19.500000,            2, 31212.030063,  1868.553640, 38115.248426,     0.790634,     0.188400,     7.614727,     0.149349,     0.174350, -39999.999147, 13171.312793
   19.750000,            2, 31736.858809,  1874.148039, 38756.154391,     0.790634,     0.192014,     7.559858,     0.146171,     0.170478, -39999.999131, 13392.775553
   20.000000,            2, 32261.614710,  1879.672295, 39396.971398,     0.790634,     0.195614,     7.505291,     0.143089,     0.166737, -39999.999115, 13614.205622
   20.250000,            2, 32788.241694,  1885.241374, 40040.073361,     0.790634,     0.199204,     7.450819,     0.140107,     0.163131, -39999.999092, 13836.427210
   20.500000,            2, 33317.279922,  1890.885991, 40686.119902,     0.790634,     0.202784,     7.396546,     0.137226,     0.159657, -39999.999062, 14059.670481
   20.750000,            2, 33847.148099,  1896.511559, 41333.179940,     0.790634,     0.206352,     7.342955,     0.134434,     0.156302, -39999.999033, 14283.271239
   21.000000,            2, 34375.373525,  1901.973345, 41978.233406,     0.790634,     0.209903,     7.290667,     0.131720,     0.153048, -39999.999049, 14506.194804
   21.250000,            2, 34901.262433,  1907.238044, 42620.434449,     0.790634,     0.213436,     7.239763,     0.129075,     0.149887, -39999.999002, 14728.159478
   21.500000,            2, 35427.613557,  1912.484873, 43263.199610,     0.790634,     0.216957,     7.189163,     0.126507,     0.146828, -39999.998985, 14950.333871
   21.750000,            2, 35956.535469,  1917.844218, 43909.101791,     0.790634,     0.220468,     7.137848,     0.124022,     0.143878, -39999.999691, 15173.570453
   22.000000,            2, 36487.693817,  1923.288738, 44557.739263,     0.790634,     0.223970,     7.085272,     0.121617,     0.141031, -39999.998943, 15397.670208
   22.250000,            2, 37019.480025,  1928.709530, 45207.141463,     0.790634,     0.227460,     7.031149,     0.119283,     0.138275, -39999.998916, 15621.874464
   22.500000,            2, 37552.132014,  1934.120771, 45857.600879,     0.790634,     0.230940,     6.975304,     0.117015,     0.135604, -39999.998888, 15846.237221
   22.750000,            2, 38086.771010,  1939.593229, 46510.486760,     0.790634,     0.234413,     6.918535,     0.114815,     0.133020, -39999.998859, 16071.285924
   23.000000,            2, 38623.524443,  1945.130576, 47165.954740,     0.790634,     0.237880,     6.862001,     0.112681,     0.130520, -39999.998832, 16297.168328
   23.250000,            2, 39160.705905,  1950.618349, 47821.945436,     0.790634,     0.241337,     6.807227,     0.110607,     0.128094, -39999.998806, 16523.296791
   23.500000,            2, 39696.122126,  1955.917861, 48475.780514,     0.790634,     0.244778,     6.755861,     0.108584,     0.125729, -39999.998782, 16748.911882
   23.750000,            2, 40229.077974,  1960.999531, 49126.611129,     0.790634,     0.248197,     6.708681,     0.106607,     0.123420, -39999.998758, 16973.862519
   24.000000,            2, 40760.913314,  1965.962840, 49776.073486,     0.790634,     0.251598,     6.664499,     0.104679,     0.121172, -39999.998731, 17198.678023
   24.250000,            2, 41293.138541,  1970.902057, 50426.011414,     0.790634,     0.254984,     6.621831,     0.102803,     0.118988, -39999.998977, 17423.891719
   24.500000,            2, 41826.360042,  1975.849041, 51077.167205,     0.790634,     0.258358,     6.579371,     0.100979,     0.116869, -39999.998673, 17649.617537
   24.750000,            2, 42361.135262,  1980.831417, 51730.219741,     0.790634,     0.261724,     6.535881,     0.099206,     0.114813, -39999.998641, 17875.916314
   25.000000,            2, 42898.202061,  1985.889975, 52386.070645,     0.790634,     0.265084,     6.490387,     0.097484,     0.112821, -39999.998608, 18102.935322
